2222222222222222222222222
2100000000000000000000002
2022222022220222222202202
2020000020000200000202202
2020222020222202200200002
2020202000200002202222202
2000202222202222000002202
2022200000000022222202202
2220002222222000002200002
2200222000002222022222202
2002200022000002000000202
2022002222222022222202202
2000022000000000200000002
2222022022222220202222202
2000000020000020202000002
2022222220222020202022222
2020000000200020002020002
2020222222202222222020202
2020200000002000000020202
2000202222222022222220202
2022200000000020000000002
2022222220222220222222202
2000000000000000000000002
2222222222202222222222222